34  3 / kn,mu/ a(k),z(k),b(k),c(k),t(k),sym(n),rest,ff(k),ncc(k),alf(k)
  1  2  3  4  5  6  7  8  9 10
 11 12 13 14 15 16 17 18 19 20
 21 22 23 24 25 26 27 28 29 30
 31 32 33 34
    0.172   0.492  0.980   0.022  25  1  1.724  0.8044  0  0
    0.172  -0.492  0.980   0.022  25  1  1.724  0.8044  0  0
1.500   1.750  0.0718  0.0718  16  1  1.724  0.6385  0  0
1.500  -1.750  0.0718  0.0718  16  1  1.724  0.6385  0  0
    0.805    0.968   0.000   0.009    1    1   1.724   0.3930    1   0.000
    0.695    0.968   0.000   0.009    1    1   1.724   0.3930    1   0.000
    0.675    0.932   0.000   0.009    1    1   1.724   0.3930    1   0.000
    0.825    0.932   0.000   0.009    1    1   1.724   0.3930    1   0.000
    0.805   -0.968   0.000   0.009    1    1   1.724   0.3930    1   0.000
    0.695   -0.968   0.000   0.009    1    1   1.724   0.3930    1   0.000
    0.675   -0.932   0.000   0.009    1    1   1.724   0.3930    1   0.000
    0.825   -0.932   0.000   0.009    1    1   1.724   0.3930    1   0.000
0.300   0.250  0.000  0.009  1  1  1.724  0.3930  1  0
0.300   0.268  0.000  0.009  1  1  1.724  0.3930  1  0
0.300  -0.250  0.000  0.009  1  1  1.724  0.3930  1  0
0.300  -0.268  0.000  0.009  1  1  1.724  0.3930  1  0
    1.200   0.250  0.000  0.009  1  1  1.724  0.3930  1  0
    1.200   0.268  0.000  0.009  1  1  1.724  0.3930  1  0
    1.200  -0.250  0.000  0.009  1  1  1.724  0.3930  1  0
    1.200  -0.268  0.000  0.009  1  1  1.724  0.3930  1  0
   1.500  -0.275   0.550    0.009525  1    1  77.000   1.000    2   180.000
   1.500  -0.825   0.550    0.009525  1    1  77.000   1.000    2   180.000
   1.180  -1.349   0.811    0.009525  1    1  77.000   1.000    2    52.182
   0.539  -1.649   0.649    0.009525  1    1  77.000   1.000    2    80.865
   0.219  -1.417   0.567    0.000500  1    1  130.00   1.000    2     0.000
   0.219  -0.850   0.567    0.000500  1    1  130.00   1.000    2     0.000
   0.219  -0.283   0.567    0.000500  1    1  130.00   1.000    2     0.000
   0.219   0.283   0.567    0.000500  1    1  130.00   1.000    2     0.000
   0.219   0.850   0.567    0.000500  1    1  130.00   1.000    2     0.000
   0.219   1.417   0.567    0.000500  1    1  130.00   1.000    2     0.000
   0.539   1.649   0.649    0.009525  1    1  77.000   1.000    2    99.135
   1.180   1.349   0.811    0.009525  1    1  77.000   1.000    2   127.818
   1.500   0.825   0.550    0.009525  1    1  77.000   1.000    2   180.000
   1.500   0.275   0.550    0.009525  1    1  77.000   1.000    2   180.000
